   1.0300000000000000e+02	   5.3380000000000000e+03	   1.6052100000000000e+04	   2.6875000000000000e+04	   1.4705882352941176e-02	   1.0128458498023715e-01	   3.6569579288025889e-01	   1.8733608092918696e-02	   9.0239790183589363e-01	   1.8227800674409891e-01	   1.8521284540702015e-01	   1.1949215832710978e-01	   3.5517241379310344e-01	   5.3821656050955413e-01	   0.0000000000000000e+00	   2.6952141057934509e-01	
   2.0100000000000000e+02	   4.3850000000000000e+03	   6.7628999999999996e+03	   5.0809000000000000e+04	   5.8734939759036146e-02	   8.0000000000000002e-02	   2.6025172553796183e-01	   8.6659064994298752e-03	   4.7160775370581526e-01	   2.7137970353477764e-01	   6.1452513966480445e-02	   3.7744413407821231e-01	   7.4284077892325318e-01	   4.8697440585009139e-01	   1.7182130584192441e-02	   1.5895953757225434e-01	
   2.0300000000000000e+02	   6.0400000000000000e+02	   9.8189999999999998e+02	   6.5000000000000000e+04	                      NaN	   1.9354838709677420e-02	   5.2980132450331126e-02	   4.6357615894039736e-02	   9.9337748344370865e-03	   3.4768211920529798e-02	   6.5543071161048683e-02	   7.5280898876404490e-01	   8.5638297872340430e-01	   5.6499999999999995e-01	   0.0000000000000000e+00	   1.2558139534883722e-01	
   3.0500000000000000e+02	   2.3040000000000000e+03	   8.9383999999999996e+03	   1.3810000000000000e+04	   0.0000000000000000e+00	   2.5980392156862747e-01	   5.7734684883208465e-01	   2.3003472222222221e-01	   4.5138888888888888e-02	   8.1857638888888884e-01	   2.3883928571428573e-01	   1.3169642857142858e-01	   7.8412698412698412e-01	   7.9363001745200701e-01	   2.0793650793650795e-01	   1.3282863041982107e-01	
   4.0200000000000000e+02	   2.1830000000000000e+03	   9.2196000000000004e+03	   2.1398000000000000e+04	   1.9097222222222224e-02	   1.8404255319148935e-01	   3.8733333333333331e-01	   1.2230874942739349e-01	   3.4402198808978468e-01	   4.8144754924415939e-01	   1.0467706013363029e-01	   3.8307349665924278e-01	   6.5091463414634143e-01	   6.4623303696771173e-01	   2.8963414634146339e-01	   1.6005121638924455e-01	
   4.0400000000000000e+02	   2.2980000000000000e+03	   2.9839200000000001e+04	   2.5987000000000000e+04	   0.0000000000000000e+00	   1.1869436201780416e-02	   4.8038321167883213e-01	   4.3516100957354219e-03	   5.0043516100957357e-02	   2.6544821583986074e-02	   1.0506208213944603e-02	   6.3323782234957016e-01	   4.7687400318979267e-01	   6.8924825174825177e-01	   0.0000000000000000e+00	   1.4751869476546567e-01	
   4.0500000000000000e+02	   2.9490000000000000e+03	   1.6184000000000000e+04	   1.2653000000000000e+04	   0.0000000000000000e+00	   9.3951093951093953e-02	   7.4463779846216105e-01	   8.8165479823669041e-03	   1.6208884367582232e-01	   5.7985757884028481e-02	   1.2941176470588237e-01	   5.6666666666666665e-01	   9.1535433070866146e-01	   3.8385893523228215e-01	   8.8582677165354329e-03	   2.2383498854087089e-01	
   4.0600000000000000e+02	   2.2120000000000000e+03	   2.2638799999999999e+04	   2.0169000000000000e+04	   0.0000000000000000e+00	   3.4142640364188161e-02	   6.3878842676311032e-01	   1.6726943942133816e-02	   3.1645569620253164e-03	   5.4249547920433995e-02	   1.8965517241379309e-01	   2.7801724137931033e-01	   8.7104072398190047e-01	   4.5117540687160940e-01	   1.6968325791855202e-02	   2.1908127208480566e-01	
   4.0900000000000000e+02	   2.7580000000000000e+03	   7.7563999999999996e+03	   2.6639000000000000e+04	   0.0000000000000000e+00	   1.2647444298820446e-01	   4.3502406516105147e-01	   8.2668600435097897e-02	   2.9369108049311095e-02	   2.1283538796229151e-01	   8.8282504012841087e-02	   3.0979133226324240e-01	   5.7932910244786939e-01	   6.4865844815083396e-01	   1.3599274705349048e-02	   2.4761255115961800e-01	
   5.0100000000000000e+02	   1.8050000000000000e+03	   5.9148000000000002e+03	   2.4366000000000000e+04	   0.0000000000000000e+00	   1.0040160642570281e-01	   3.0318257956448913e-01	   1.5346260387811633e-01	   3.2132963988919669e-02	   8.3324099722991685e-01	   1.5077605321507762e-01	   1.2490761271249076e-01	   5.9175257731958764e-01	   8.4619655746807332e-01	   1.1443298969072165e-01	   2.3622047244094488e-01	
   5.0600000000000000e+02	   1.8500000000000000e+03	   5.9423999999999996e+03	   3.1394000000000000e+04	   0.0000000000000000e+00	   1.6381418092909536e-01	   2.2054054054054054e-01	   1.6108108108108107e-01	   0.0000000000000000e+00	   8.1513513513513514e-01	   6.3084112149532703e-02	   2.4221183800623053e-01	   3.4933035714285715e-01	   9.1783783783783779e-01	   1.3169642857142858e-01	   2.2086956521739132e-01	
   5.0900000000000000e+02	   1.0240000000000000e+03	   5.7323999999999996e+03	   9.3750000000000000e+03	   0.0000000000000000e+00	   3.2198952879581150e-01	   6.7027559055118113e-01	   2.5000000000000000e-01	   0.0000000000000000e+00	   9.1015625000000000e-01	   1.3230769230769232e-01	   8.3076923076923076e-02	   9.6592592592592597e-01	   7.9388560157790922e-01	   2.4444444444444444e-01	   1.5413533834586465e-01	
   5.1000000000000000e+02	   1.9400000000000000e+03	   7.8028999999999996e+03	   1.3797000000000000e+04	   1.5102481121898598e-02	   1.1929307805596466e-01	   4.3392504930966469e-01	   9.8969072164948449e-02	   4.7886597938144332e-01	   4.6443298969072166e-01	   2.2622950819672130e-01	   1.3934426229508196e-01	   9.5398230088495573e-01	   4.8004147226542249e-01	   1.3982300884955753e-01	   1.6666666666666666e-01	
   5.1100000000000000e+02	   8.9100000000000000e+02	   1.2566000000000000e+04	   1.2614000000000000e+04	   4.1095890410958902e-02	   2.5531914893617019e-01	   6.7003367003366998e-01	   2.7833894500561168e-01	   0.0000000000000000e+00	   9.0123456790123457e-01	   1.5975103734439833e-01	   2.2821576763485476e-02	   9.9365750528541230e-01	   8.5547785547785549e-01	   3.2980972515856238e-01	   3.2716927453769556e-01	
   6.0300000000000000e+02	   2.3760000000000000e+03	   5.4978999999999996e+03	   3.1075000000000000e+04	   3.1746031746031744e-01	   7.2765072765072769e-02	   3.6206149848419228e-01	   1.4015151515151514e-01	   9.2592592592592587e-03	   1.7255892255892255e-01	   1.1768082663605052e-01	   3.1974741676234214e-01	   6.9715271786022437e-01	   7.8013582342954158e-01	   9.7497842968075926e-02	   1.2329803328290469e-01	
   6.0500000000000000e+02	   1.3480000000000000e+03	   5.3098000000000002e+03	   3.3906000000000000e+04	   0.0000000000000000e+00	   5.8352402745995423e-02	   1.4169139465875372e-01	   1.0608308605341246e-01	   0.0000000000000000e+00	   6.0089020771513353e-02	   1.0596616206589493e-01	   2.8138913624220835e-01	   5.1123595505617980e-01	   8.3805970149253728e-01	   2.5280898876404494e-02	   1.9182746878547105e-01	
   7.0300000000000000e+02	   2.0870000000000000e+03	   1.2613100000000000e+04	   5.7731000000000000e+04	   0.0000000000000000e+00	   2.8138528138528140e-02	   1.5601023017902813e-01	   8.4331576425491134e-02	   6.5165309056061327e-02	   9.7747963584092004e-02	   4.9792531120331947e-02	   7.4965421853388658e-01	   6.6990291262135926e-01	   7.3162475822050288e-01	   1.6769638128861428e-02	   1.3046815042210283e-01	
   7.0500000000000000e+02	   2.9040000000000000e+03	   1.8222299999999999e+04	   5.4063000000000000e+04	   0.0000000000000000e+00	   2.9232111692844676e-02	   1.4910468319559228e-01	   4.1666666666666664e-02	   4.8209366391184574e-03	   2.2382920110192838e-02	   1.5632401705352912e-02	   8.0293699668403595e-01	   7.8181818181818186e-01	   5.9297520661157022e-01	   0.0000000000000000e+00	   1.0341314314824249e-01	
   7.0600000000000000e+02	   2.1510000000000000e+03	   1.9227799999999999e+04	   4.3186000000000000e+04	   6.4705882352941180e-01	   5.8555627846454128e-02	   1.4965034965034965e-01	   7.6708507670850773e-02	   6.5086006508600653e-03	   4.2305904230590420e-02	   3.1725888324873096e-03	   8.2043147208121825e-01	   6.7085798816568043e-01	   7.4297752808988760e-01	   7.3964497041420114e-03	   2.0999275887038378e-02	
   7.0800000000000000e+02	   1.7680000000000000e+03	   1.0131500000000000e+04	   5.1556000000000000e+04	                      NaN	   6.8072866730584852e-02	   1.9287330316742082e-01	   1.2726244343891402e-01	   1.5837104072398189e-02	   8.0316742081447970e-02	   8.1300813008130090e-03	   8.2335550628233556e-01	   7.5119617224880386e-01	   6.4841498559077815e-01	   3.9234449760765552e-02	   0.0000000000000000e+00	
   7.0900000000000000e+02	   5.1710000000000000e+03	   1.6673799999999999e+04	   4.2359000000000000e+04	   0.0000000000000000e+00	   8.7519747235387052e-02	   2.0444537638918012e-01	   9.0117965577257778e-02	   8.2189131695996911e-02	   4.8346548056468770e-02	   3.2030561269468114e-02	   8.0076403173670296e-01	   7.4678899082568806e-01	   5.6688767550702024e-01	   9.9082568807339448e-03	   9.7682119205298013e-02	
   8.0200000000000000e+02	   1.7650000000000000e+03	   1.3228700000000001e+04	   3.9917000000000000e+04	   0.0000000000000000e+00	   5.8500914076782450e-02	   9.9150141643059492e-02	   9.5184135977337117e-02	   0.0000000000000000e+00	   5.7223796033994336e-02	   8.2376772451046590e-02	   4.7265361242403781e-01	   6.0698689956331875e-01	   8.5066821615339916e-01	   2.6200873362445413e-02	   9.3966369930761628e-02	
   8.0400000000000000e+02	   1.4390000000000000e+03	   8.6596000000000004e+03	   3.1635000000000000e+04	   0.0000000000000000e+00	   5.9454191033138398e-02	   3.1818181818181818e-01	   3.7526059763724806e-02	   6.2543432939541352e-03	   5.1424600416956220e-02	   6.6115702479338845e-02	   5.3246753246753242e-01	   7.5429326287978860e-01	   7.4105263157894741e-01	   0.0000000000000000e+00	   5.0188205771643665e-02	
   8.0600000000000000e+02	   2.1690000000000000e+03	   1.3873500000000000e+04	   4.1716000000000000e+04	   0.0000000000000000e+00	   2.1739130434782608e-02	   1.2074592074592075e-01	   1.0419548178884279e-01	   5.9935454126325500e-03	   5.5786076532964503e-02	   3.5340314136125657e-02	   6.2172774869109948e-01	   6.6289198606271782e-01	   7.8601204261232049e-01	   1.0452961672473868e-02	   1.0312499999999999e-01	
   8.0700000000000000e+02	   1.6070000000000000e+03	   1.5131799999999999e+04	   3.0298000000000000e+04	   7.1428571428571425e-02	   9.4664371772805511e-02	   2.0608750792644262e-01	   4.8537647790914747e-02	   3.9825762289981331e-02	   1.8855009334163036e-01	   6.1290322580645158e-02	   6.4193548387096777e-01	   8.6418511066398396e-01	   6.4628820960698685e-01	   1.4084507042253521e-02	   1.7441860465116280e-01	
   8.0900000000000000e+02	   1.8810000000000000e+03	   1.2812900000000000e+04	   4.2540000000000000e+04	   0.0000000000000000e+00	   8.8691796008869186e-02	   1.5725359911406422e-01	   7.1238702817650185e-02	   3.7745879851143006e-02	   1.1111111111111110e-01	   1.2683284457478006e-01	   4.2082111436950148e-01	   6.4822134387351782e-01	   6.3418530351437696e-01	   0.0000000000000000e+00	   6.9852941176470590e-02	
   9.0100000000000000e+02	   1.7480000000000000e+03	   6.7341000000000004e+03	   3.3966000000000000e+04	   0.0000000000000000e+00	   1.3043478260869565e-01	   2.2904707233065441e-01	   1.6990846681922198e-01	   2.2883295194508009e-03	   2.2540045766590389e-01	   1.1436950146627566e-01	   2.8005865102639294e-01	   5.5156431054461186e-01	   8.4161849710982661e-01	   8.2271147161066052e-02	   1.9571295433364400e-01	
   9.0200000000000000e+02	   2.6490000000000000e+03	   1.5527400000000000e+04	   4.3750000000000000e+04	   0.0000000000000000e+00	   1.6119032858028518e-02	   9.3454258675078866e-02	   9.7017742544356356e-02	   4.3790109475273689e-02	   6.1532653831634580e-02	   1.0127157129881925e-01	   3.3605812897366033e-01	   5.1996985681989449e-01	   8.7580218950547373e-01	   2.8636021100226075e-02	   1.3942931258106356e-01	
   9.0300000000000000e+02	   1.8040000000000000e+03	   1.8355400000000001e+04	   2.5302000000000000e+04	   0.0000000000000000e+00	   5.7007125890736345e-02	   2.7494456762749447e-01	   1.3137472283813748e-01	   0.0000000000000000e+00	   1.1363636363636363e-01	   1.1773472429210134e-01	   1.7809239940387481e-01	   6.5231431646932181e-01	   8.4146341463414631e-01	   9.2572658772874059e-02	   9.8058252427184467e-02	
   1.0050000000000000e+03	   2.2040000000000000e+03	   7.8815000000000000e+03	   3.9028000000000000e+04	   0.0000000000000000e+00	   1.1962616822429907e-01	   3.2824074074074072e-01	   2.1551724137931033e-01	   2.5408348457350273e-02	   6.4246823956442833e-01	   1.0964332892998679e-01	   2.6552179656538971e-01	   3.0678148546824541e-01	   9.6485473289597001e-01	   1.0441334768568353e-01	   6.0667340748230533e-02	
   1.0110000000000000e+03	   2.4870000000000000e+03	   6.1353000000000002e+03	   3.8029000000000000e+04	   5.8823529411764705e-02	   1.0460863204096561e-01	   2.8370221327967809e-01	   1.8295134700442300e-01	   2.4125452352231603e-03	   2.0265379975874548e-01	   1.0027397260273972e-01	   1.8410958904109589e-01	   3.5904499540863177e-01	   8.4921592279855251e-01	   7.9889807162534437e-02	   2.5918367346938775e-01	
   1.0140000000000000e+03	   3.4460000000000000e+03	   9.2447000000000007e+03	   4.3804000000000000e+04	   1.7924528301886791e-01	   5.1687763713080169e-02	   8.5026117237376672e-02	   1.8340104468949506e-01	   1.7411491584445734e-03	   1.8398142774230991e-01	   1.4827586206896551e-01	   3.2720306513409964e-01	   4.0528350515463918e-01	   8.5093167701863359e-01	   9.2139175257731964e-02	   9.1866588648332359e-02	
   1.0160000000000000e+03	   8.8700000000000000e+02	   4.9446999999999998e+03	   1.9667000000000000e+04	   0.0000000000000000e+00	   2.9738562091503268e-01	   5.5467869222096955e-01	   3.5738444193912061e-01	   0.0000000000000000e+00	   9.4475760992108226e-01	   1.8778280542986425e-01	   1.6742081447963800e-01	   5.5089820359281438e-01	   9.9297423887587821e-01	   2.0359281437125748e-01	   1.5228426395939088e-01	
   1.0170000000000000e+03	   1.4020000000000000e+03	   9.2513999999999996e+03	   2.7070000000000000e+04	   0.0000000000000000e+00	   3.8863976083707022e-02	   7.2039942938659063e-02	   2.4322396576319544e-01	   2.1398002853067048e-03	   7.7104136947218260e-01	   1.6035856573705179e-01	   9.6613545816733065e-02	   4.5826235093696766e-01	   8.9677419354838706e-01	   6.9846678023850084e-02	   2.7886977886977887e-01	
   1.0180000000000000e+03	   2.5830000000000000e+03	   5.5885000000000000e+03	   5.4539000000000000e+04	   0.0000000000000000e+00	   6.7430025445292627e-02	   5.5749128919860627e-02	   1.6105303910181959e-01	   1.1614401858304297e-03	   1.9047619047619047e-01	   1.3513513513513514e-01	   3.3299337072921981e-01	   1.8901890189018902e-01	   9.1397430906967692e-01	   3.3303330333033301e-02	   1.2725844461901020e-01	
   1.1020000000000000e+03	   3.5240000000000000e+03	   1.1198799999999999e+04	   4.3827000000000000e+04	   0.0000000000000000e+00	   4.9325267566309915e-02	   1.2770809578107184e-01	   1.4415437003405221e-01	   1.0215664018161180e-02	   2.8632236095346197e-01	   2.7658745617452279e-02	   5.6680950525905727e-01	   6.2520107238605893e-01	   7.6905311778290997e-01	   5.6300268096514748e-02	   1.7477876106194690e-01	
   1.1060000000000000e+03	   2.6260000000000000e+03	   1.0707700000000001e+04	   7.0300000000000000e+04	   0.0000000000000000e+00	   7.3170731707317069e-02	   9.9732518150554075e-02	   2.4067022086824066e-01	   0.0000000000000000e+00	   1.8164508758568165e-01	   2.3783185840707963e-02	   6.4435840707964598e-01	   2.6635514018691586e-01	   9.5493066255778125e-01	   1.1495327102803739e-01	   4.0358744394618833e-02	
   1.1130000000000000e+03	   2.6500000000000000e+03	   1.2772100000000000e+04	   3.0483000000000000e+04	   0.0000000000000000e+00	   1.1878247958426132e-01	   2.1668691778047794e-01	   2.1471698113207546e-01	   7.2830188679245289e-02	   6.6603773584905657e-01	   1.6044568245125349e-01	   2.5682451253481892e-01	   8.4241408214585078e-01	   7.4761359297441776e-01	   1.9782062028499581e-01	   2.3915816326530612e-01	
   1.1140000000000000e+03	   1.6770000000000000e+03	   1.3257400000000000e+04	   1.7683000000000000e+04	   5.1428571428571428e-02	   3.2896652110625912e-01	   5.2492492492492493e-01	   3.6076326774001194e-01	   8.9445438282647581e-03	   8.3064997018485387e-01	   1.5608180839612487e-01	   1.1840688912809473e-01	   6.8658892128279880e-01	   7.8357314148681056e-01	   2.6093294460641397e-01	   1.6747572815533981e-01	
   1.1150000000000000e+03	   3.1310000000000000e+03	   8.4472999999999993e+03	   2.2960000000000000e+04	   0.0000000000000000e+00	   1.0805230557467309e-01	   3.0852762695624403e-01	   1.8875758543596294e-01	   2.2037687639731716e-02	   5.0303417438518050e-01	   1.4773237539290526e-01	   3.2061068702290074e-01	   8.9627228525121561e-01	   8.2884053264046764e-01	   1.0264721772015127e-01	   1.0276296655356278e-01	
   1.2030000000000000e+03	   1.7060000000000000e+03	   4.0894000000000001e+03	   3.0545000000000000e+04	   0.0000000000000000e+00	   1.1953352769679300e-01	   2.6658837345860248e-01	   1.9753810082063306e-01	   1.7584994138335288e-03	   9.5427901524032821e-01	   1.5451664025356576e-01	   1.2044374009508717e-01	   5.5849056603773584e-01	   7.3446658851113711e-01	   1.4842767295597484e-01	   1.8125643666323377e-01	
   1.2040000000000000e+03	   8.8200000000000000e+02	   5.2301999999999998e+03	   1.6050000000000000e+04	   0.0000000000000000e+00	   2.6647564469914042e-01	   3.7441314553990612e-01	   2.3696145124716553e-01	   3.4013605442176874e-02	   8.2539682539682535e-01	   7.3289902280130298e-02	   6.3517915309446255e-02	   6.2886597938144329e-01	   8.8100686498855840e-01	   1.2886597938144329e-01	   2.8937728937728940e-01	
   1.2070000000000000e+03	   9.1600000000000000e+02	   4.6055000000000000e+03	   1.7870000000000000e+04	   0.0000000000000000e+00	   2.4089635854341737e-01	   3.2314410480349343e-01	   1.7903930131004367e-01	   6.5502183406113534e-03	   8.9301310043668125e-01	   2.1707670043415339e-01	   5.3545586107091175e-02	   6.5401785714285710e-01	   9.7379912663755464e-01	   2.5892857142857145e-01	   2.8662420382165604e-01	
   1.2080000000000000e+03	   8.6500000000000000e+02	   3.1284000000000001e+03	   2.8750000000000000e+04	   0.0000000000000000e+00	   2.4728260869565216e-01	   1.8750000000000000e-01	   2.3468208092485549e-01	   1.7109826589595376e-01	   7.5722543352601157e-01	   1.2398042414355628e-01	   1.0766721044045677e-01	   5.5442176870748294e-01	   8.4561403508771926e-01	   1.4625850340136054e-01	   3.3634311512415349e-01	
   1.3010000000000000e+03	   1.9430000000000000e+03	   6.5173000000000002e+03	   1.4709000000000000e+04	   0.0000000000000000e+00	   2.5333333333333335e-01	   4.9305198147195062e-01	   3.8085434894493053e-01	   2.5733401955738548e-03	   9.3978383942357180e-01	   8.5714285714285715e-02	   1.5428571428571428e-01	   5.8064516129032262e-01	   7.7824049973971887e-01	   2.6267281105990781e-01	   2.7906976744186046e-01	
   1.3020000000000000e+03	   1.3650000000000000e+03	   1.0144799999999999e+04	   2.1924000000000000e+04	   1.0204081632653061e-01	   1.3944954128440368e-01	   3.8884812912692590e-01	   2.5274725274725274e-01	   0.0000000000000000e+00	   9.7142857142857142e-01	   1.8560179977502811e-01	   9.6737907761529809e-02	   3.4513274336283184e-01	   7.4037735849056607e-01	   2.3893805309734514e-01	   1.9630156472261737e-01	
   1.3030000000000000e+03	   1.0780000000000000e+03	   5.1106999999999998e+03	   1.2057000000000000e+04	   0.0000000000000000e+00	   2.1945137157107231e-01	   4.1094619666048238e-01	   1.6512059369202226e-01	   6.4935064935064939e-03	   8.9146567717996295e-01	   1.7029972752043596e-01	   1.8119891008174388e-01	   6.5551839464882944e-01	   8.1425891181988741e-01	   1.4381270903010032e-01	   2.7864897466827504e-01	
   1.3040000000000000e+03	   1.2350000000000000e+03	   6.7463999999999996e+03	   2.7391000000000000e+04	   0.0000000000000000e+00	   1.6772823779193205e-01	   2.8582995951417006e-01	   2.6963562753036435e-01	   1.6194331983805667e-03	   9.4089068825910926e-01	   2.4739583333333334e-01	   1.7057291666666666e-01	   5.4032258064516125e-01	   9.0416666666666667e-01	   2.2782258064516128e-01	   2.6843657817109146e-01	
   1.3060000000000000e+03	   2.9420000000000000e+03	   5.4276999999999998e+03	   2.1199000000000000e+04	   6.4039408866995079e-02	   2.6230899830220711e-01	   4.6053085143054118e-01	   3.0353501019714479e-01	   7.8178110129163841e-03	   8.8069340584636302e-01	   1.2350597609561753e-01	   1.3488901536710302e-01	   4.9276466108149275e-01	   8.8058683043329922e-01	   3.3434881949733436e-01	   1.3788575180564674e-01	
   1.4010000000000000e+03	   5.8030000000000000e+03	   1.0255200000000001e+04	   1.1487500000000000e+05	   0.0000000000000000e+00	   8.5589171974522288e-02	   1.8605610561056105e-01	   8.2715836636222645e-02	   5.8228502498707568e-01	   3.4120282612441842e-02	   1.9846350832266324e-02	   7.6248399487836105e-01	   2.2039134912461381e-01	   6.3984806629834257e-01	   3.9134912461380018e-02	   1.1566484517304189e-01	
   1.4020000000000000e+03	   2.7400000000000000e+03	   9.3438999999999996e+03	   5.5139000000000000e+04	   0.0000000000000000e+00	   7.1887784921098777e-02	   1.7421460628314975e-01	   1.2664233576642336e-01	   1.0547445255474452e-01	   5.0729927007299273e-02	   1.8765133171912834e-02	   8.8680387409200967e-01	   6.0767218831734959e-01	   7.0145985401459854e-01	   0.0000000000000000e+00	   0.0000000000000000e+00	
   1.4030000000000000e+03	   3.4680000000000000e+03	   9.5377999999999993e+03	   9.6786000000000000e+04	   0.0000000000000000e+00	   4.1326808047852097e-02	   7.4682814302191466e-02	   2.5346020761245674e-01	   2.3068050749711650e-03	   5.1038062283737022e-02	   1.0928961748633880e-02	   8.1042454812946618e-01	   4.6902017291066284e-01	   8.1532997928381179e-01	   3.0979827089337175e-02	   1.1025641025641025e-01	
   1.4040000000000000e+03	   2.3640000000000000e+03	   7.3383999999999996e+03	   1.1942700000000000e+05	   0.0000000000000000e+00	   1.2500000000000001e-02	   5.5414551607445010e-02	   2.1869712351945855e-01	   0.0000000000000000e+00	   2.9610829103214890e-02	   2.9481132075471699e-02	   7.7122641509433965e-01	   1.5678391959798996e-01	   9.0744726646577700e-01	   4.0201005025125629e-02	   1.2896825396825396e-02	
   1.4050000000000000e+03	   1.9630000000000000e+03	   6.7278999999999996e+03	   3.9489000000000000e+04	   0.0000000000000000e+00	   8.6180124223602481e-02	   1.5463917525773196e-01	   1.2226184411614875e-01	   1.7829852266938361e-02	   4.9617931737137033e-01	   2.5526483726866625e-02	   6.4582003828972556e-01	   5.9555984555984554e-01	   7.7065161621344280e-01	   8.9768339768339769e-02	   1.0069444444444445e-01	
   1.4060000000000000e+03	   3.0410000000000000e+03	   8.8688999999999996e+03	   6.9828000000000000e+04	   0.0000000000000000e+00	   4.3377674956622328e-02	   9.2210386151797608e-02	   1.5784281486353174e-01	   1.5126603091088459e-02	   6.3137125945412695e-02	   4.0788883908561183e-02	   6.8534289556252803e-01	   3.8847305389221559e-01	   8.3245033112582778e-01	   1.7215568862275449e-02	   1.0695187165775401e-01	
   1.4080000000000000e+03	   4.6300000000000000e+03	   1.1010900000000000e+04	   6.0278000000000000e+04	   1.0185185185185185e-01	   4.7846889952153110e-02	   1.4514038876889848e-01	   1.7667386609071276e-01	   1.2958963282937365e-03	   8.8552915766738662e-03	   6.9372181755116202e-03	   7.9604578563995843e-01	   5.2137176938369778e-01	   7.3935708079930496e-01	   3.4294234592445329e-02	   6.2878435025617144e-02	
   1.4100000000000000e+03	   8.6000000000000000e+02	   4.3855000000000000e+03	   7.5357000000000000e+04	   0.0000000000000000e+00	   4.5045045045045043e-02	   4.3023255813953491e-02	   1.4418604651162792e-01	   0.0000000000000000e+00	   1.9767441860465116e-02	   6.2588904694167849e-02	   7.5675675675675680e-01	   3.1990521327014215e-01	   7.7883472057074910e-01	   9.4786729857819912e-03	   1.4052953156822812e-01	
   1.4110000000000000e+03	   1.3200000000000000e+03	   2.7878000000000002e+03	   5.8854000000000000e+04	   0.0000000000000000e+00	   1.0340136054421768e-01	   2.8787878787878789e-02	   1.7348484848484849e-01	   2.2727272727272726e-03	   1.5151515151515152e-02	   1.0689310689310690e-01	   4.4055944055944057e-01	   8.1174438687392061e-02	   9.4058641975308643e-01	   5.5267702936096716e-02	   9.1051805337519623e-02	
   1.4130000000000000e+03	   5.0510000000000000e+03	   1.4567400000000000e+04	   5.0179000000000000e+04	   0.0000000000000000e+00	   2.3280802292263609e-02	   1.7652062951935346e-01	   1.4373391407642050e-01	   6.8303306275984951e-02	   1.3660661255196991e-02	   3.3126851602477782e-02	   7.0401292755184486e-01	   6.4584249890013201e-01	   6.9923908690428516e-01	   1.3638363396392433e-02	   1.0051444400474871e-01	
   1.4140000000000000e+03	   5.1120000000000000e+03	   6.4606999999999998e+03	   5.9315000000000000e+04	   0.0000000000000000e+00	   4.2064333686815128e-02	   9.8642900546890830e-02	   1.5982003129890454e-01	   3.4820031298904541e-02	   2.6799687010954618e-02	   3.2823853670759205e-02	   6.5021297920320720e-01	   5.0974155069582505e-01	   7.9864568810993830e-01	   9.5427435387673964e-03	   9.6298957959037007e-02	
   1.5160000000000000e+03	   2.6010000000000000e+03	   8.2102999999999993e+03	   5.0265000000000000e+04	   0.0000000000000000e+00	   8.1081081081081086e-02	   4.7289504036908882e-02	   1.6493656286043828e-01	   0.0000000000000000e+00	   9.6501345636293728e-02	   5.6654195617316945e-02	   3.7199358631747731e-01	   3.1293706293706292e-01	   8.9000385951370131e-01	   8.1293706293706289e-02	   1.1249030256012413e-01	
   1.5170000000000000e+03	   4.8360000000000000e+03	   1.0529299999999999e+04	   4.7354000000000000e+04	   6.8273092369477914e-02	   5.0858875042101716e-02	   1.2779156327543426e-01	   1.6273779983457404e-01	   6.2034739454094293e-04	   1.2096774193548387e-01	   4.7711511789181690e-02	   5.0235783633841891e-01	   4.4484144707458689e-01	   8.5547688463140359e-01	   7.0120589548905765e-02	   1.5221507004922377e-01	
   1.6080000000000000e+03	   2.4660000000000000e+03	   6.0646000000000004e+03	   3.7083000000000000e+04	   0.0000000000000000e+00	   2.8354080221300138e-02	   2.6277372262773724e-01	   9.8945660989456605e-02	   2.0275750202757500e-03	   4.5417680454176802e-02	   1.2830687830687831e-01	   2.8835978835978837e-01	   3.9344262295081966e-01	   7.5669099756690994e-01	   3.4608378870673952e-02	   2.5306122448979590e-01	
   1.6090000000000000e+03	   2.7390000000000000e+03	   5.6713999999999996e+03	   4.3395000000000000e+04	   0.0000000000000000e+00	   7.0239334027055150e-02	   1.5514018691588785e-01	   4.7462577583059509e-02	   2.7017159547280029e-02	   2.4826579043446512e-02	   8.8466882816118572e-02	   4.9467345993515516e-01	   6.8139534883720931e-01	   6.8273092369477917e-01	   4.0697674418604651e-03	   9.1389329107237183e-02	
   1.7020000000000000e+03	   3.8650000000000000e+03	   8.9792999999999993e+03	   4.6901000000000000e+04	   0.0000000000000000e+00	   2.5216138328530261e-02	   1.8704663212435232e-01	   5.2781371280724451e-02	   2.5873221216041399e-03	   1.9922380336351877e-02	   6.3884156729131170e-02	   4.4378194207836458e-01	   5.0964187327823696e-01	   6.6830530401034927e-01	   0.0000000000000000e+00	   2.3963133640552994e-01	
   1.7060000000000000e+03	   2.1520000000000000e+03	   6.9006000000000004e+03	   4.6000000000000000e+04	   0.0000000000000000e+00	   3.2608695652173912e-02	   2.7881040892193309e-01	   6.0408921933085502e-02	   1.6263940520446097e-02	   5.4368029739776953e-02	   1.0424422933730454e-01	   4.5569620253164556e-01	   4.6847826086956523e-01	   6.0687732342007439e-01	   3.6956521739130437e-02	   1.9085312225153914e-01	
   1.8030000000000000e+03	   2.5620000000000000e+03	   8.5756000000000004e+03	   3.2604000000000000e+04	   0.0000000000000000e+00	   1.6727941176470587e-01	   1.9984387197501952e-01	   2.8493364558938328e-01	   1.1709601873536301e-02	   2.9859484777517564e-01	   1.1203814064362336e-01	   7.5685339690107267e-02	   4.3429636533084809e-01	   9.6100827097282393e-01	   1.9571295433364400e-01	   2.0986745213549338e-01	
   1.8070000000000000e+03	   2.5220000000000000e+03	   1.6625400000000001e+04	   4.6964000000000000e+04	   0.0000000000000000e+00	   5.8315334773218146e-02	   1.5837644249900518e-01	   2.0301348136399683e-01	   3.5685963521015066e-03	   2.1847739888977002e-01	   7.7749683944374204e-02	   3.0530973451327431e-01	   5.7111356119073875e-01	   9.0975609756097564e-01	   7.2767364939360535e-02	   1.4675446848541862e-01	
   1.9030000000000000e+03	   2.0500000000000000e+03	   6.3486000000000004e+03	   6.0662000000000000e+04	   0.0000000000000000e+00	   1.1742983751846381e-01	   7.9512195121951221e-02	   8.5853658536585373e-02	   2.4390243902439024e-03	   4.0975609756097563e-02	   4.4929396662387676e-02	   5.1155327342747114e-01	   4.5567375886524825e-01	   8.2014742014742015e-01	   3.0141843971631204e-02	   6.1564059900166390e-02	
   1.9110000000000000e+03	   2.4840000000000000e+03	   4.0099000000000001e+03	   6.2401000000000000e+04	   0.0000000000000000e+00	   5.0214329454990818e-02	   1.8891585760517798e-01	   1.0305958132045089e-01	   0.0000000000000000e+00	   1.3687600644122383e-02	   5.6879739978331526e-02	   3.8353196099674974e-01	   3.7795918367346937e-01	   8.3523189585028479e-01	   4.0816326530612242e-02	   7.4074074074074070e-02	
   1.9140000000000000e+03	   2.9310000000000000e+03	   8.0306000000000004e+03	   4.3162000000000000e+04	   0.0000000000000000e+00	   1.0537190082644628e-01	   1.6444899351757081e-01	   7.4377345615830773e-02	   6.8236096895257596e-04	   6.6530194472876156e-02	   6.7765567765567761e-02	   4.1346153846153844e-01	   6.5194805194805194e-01	   6.5516051087331717e-01	   3.8311688311688311e-02	   8.8217880402605087e-02	
   1.9150000000000000e+03	   1.8390000000000000e+03	   5.8863000000000002e+03	   3.0851000000000000e+04	   0.0000000000000000e+00	   7.3542600896860988e-02	   2.7514953779227841e-01	   1.0657966286025014e-01	   1.6313213703099511e-03	   2.9907558455682437e-02	   1.5418181818181817e-01	   2.0799999999999999e-01	   5.1547491995731054e-01	   8.2436106579662860e-01	   5.1227321237993596e-02	   2.1127946127946129e-01	
   1.9160000000000000e+03	   4.4350000000000000e+03	   4.7293999999999996e+03	   3.9659000000000000e+04	   0.0000000000000000e+00	   9.5565749235474007e-02	   2.0693588866073465e-01	   1.7835400225479142e-01	   2.4802705749718151e-03	   1.3325817361894024e-01	   9.2732653732324893e-02	   2.4728707661953306e-01	   4.4553433144037169e-01	   8.1564625850340133e-01	   1.1512648425400103e-01	   7.4976122254059210e-02	
   1.9170000000000000e+03	   3.3810000000000000e+03	   4.6998000000000002e+03	   4.6047000000000000e+04	   0.0000000000000000e+00	   5.3680981595092027e-02	   8.7729876394332232e-02	   2.0082815734989648e-01	   1.4788524105294291e-03	   4.1112097012718132e-02	   4.8313202832153269e-02	   2.5655976676384840e-01	   2.5000000000000000e-01	   8.6295958675174722e-01	   1.0077519379844961e-01	   6.4652567975830813e-02	
   1.9180000000000000e+03	   5.2480000000000000e+03	   9.3525000000000000e+03	   5.1728000000000000e+04	   0.0000000000000000e+00	   8.5128205128205126e-02	   1.1490091463414634e-01	   1.9569359756097560e-01	   2.8582317073170731e-03	   2.4009146341463415e-02	   7.2895277207392195e-02	   2.3074948665297743e-01	   2.4113175675675674e-01	   9.1463414634146345e-01	   4.3496621621621621e-02	   9.4801223241590210e-02	
   1.9190000000000000e+03	   2.1230000000000000e+03	   9.0326000000000004e+03	   3.9300000000000000e+04	   1.7857142857142856e-02	   9.7232610321615551e-02	   1.3235294117647059e-01	   1.6721620348563354e-01	   1.7428167687235045e-02	   2.1667451719265190e-02	   7.8912466843501325e-02	   2.6923076923076922e-01	   4.3052631578947370e-01	   8.6406844106463876e-01	   1.2526315789473685e-01	   1.1214953271028037e-01	
   1.9200000000000000e+03	   3.3890000000000000e+03	   6.4405000000000000e+03	   3.8102000000000000e+04	   0.0000000000000000e+00	   1.0368421052631580e-01	   1.6855270994639668e-01	   1.7350250811448806e-01	   1.0622602537621718e-02	   9.2062555326054882e-02	   8.4507042253521125e-02	   2.4104627766599598e-01	   4.7772277227722770e-01	   8.5133531157270026e-01	   6.1262376237623761e-02	   1.3444027852169255e-01	
   2.0220000000000000e+03	   2.4050000000000000e+03	   7.0640000000000000e+03	   3.5083000000000000e+04	   0.0000000000000000e+00	   8.9552238805970144e-02	   2.2744282744282746e-01	   2.4740124740124741e-01	   0.0000000000000000e+00	   2.4490644490644492e-01	   1.0139647844565877e-01	   1.6697024893746204e-01	   3.5396687009590233e-01	   8.2846251588310038e-01	   1.7785527462946818e-01	   9.5425867507886439e-02	
   2.0230000000000000e+03	   4.3410000000000000e+03	   4.4595000000000000e+03	   5.9203000000000000e+04	   0.0000000000000000e+00	   4.0092521202775636e-02	   5.3724053724053727e-02	   1.2946325731398295e-01	   5.7820778622437223e-02	   2.1193273439299699e-02	   3.6982682712063397e-02	   3.6131493982976226e-01	   5.3195876288659794e-01	   8.6710037174721188e-01	   4.0206185567010312e-02	   8.4905660377358486e-02	
   2.1070000000000000e+03	   2.0420000000000000e+03	   7.3141000000000004e+03	   3.3872000000000000e+04	   0.0000000000000000e+00	   1.6122650840751732e-01	   2.3163565132223310e-01	   2.3800195886385897e-01	   1.0773751224289911e-02	   7.6101860920666009e-01	   1.0979228486646884e-01	   1.9510385756676557e-01	   5.4057017543859653e-01	   8.0684721512519164e-01	   1.7763157894736842e-01	   2.9302325581395350e-01	
   2.2060000000000000e+03	   1.4650000000000000e+03	   8.8471000000000004e+03	   3.8068000000000000e+04	   0.0000000000000000e+00	   1.4943705220061412e-01	   1.8926359256710254e-01	   9.2150170648464161e-02	   4.8464163822525594e-02	   3.5631399317406143e-01	   9.9920697858842195e-02	   4.9643140364789851e-01	   5.8862144420131290e-01	   7.6939058171745156e-01	   5.3610503282275714e-02	   2.8313725490196079e-01	
   2.4060000000000000e+03	   2.6120000000000000e+03	   5.5206000000000004e+03	   3.6078000000000000e+04	   0.0000000000000000e+00	   6.0785767234988880e-02	   1.8376722817764166e-01	   1.9142419601837674e-01	   2.6799387442572741e-03	   1.1294027565084226e-01	   7.8768909754825242e-02	   2.2170057381324987e-01	   4.9254901960784314e-01	   8.0787037037037035e-01	   8.3137254901960778e-02	   1.8893129770992367e-01	
   2.4120000000000000e+03	   9.3400000000000000e+02	   3.5455000000000000e+03	   4.0203000000000000e+04	   0.0000000000000000e+00	   1.3186813186813187e-01	   8.7794432548179868e-02	   2.0985010706638116e-01	   0.0000000000000000e+00	   2.7194860813704497e-01	   2.3109843081312412e-01	   1.1982881597717546e-01	   4.3636363636363634e-01	   8.5221143473570660e-01	   1.9545454545454546e-01	   2.7750410509031198e-01	
   2.5030000000000000e+03	   1.4160000000000000e+03	   1.5046600000000000e+04	   6.4167000000000000e+04	   0.0000000000000000e+00	   1.6646115906288533e-01	   3.6138613861386137e-01	   2.3446327683615820e-01	   3.5310734463276836e-03	   4.6610169491525422e-01	   6.9613259668508287e-02	   4.3867403314917125e-01	   4.3347639484978540e-01	   9.0715804394046773e-01	   2.2103004291845493e-01	   3.3618233618233617e-01	
   2.5070000000000000e+03	   1.0440000000000000e+03	   4.8256999999999998e+03	   1.1367000000000000e+04	   0.0000000000000000e+00	   1.2244897959183673e-01	   5.4841897233201586e-01	   4.4923371647509580e-01	   3.1609195402298854e-02	   7.9501915708812265e-01	   1.3729508196721313e-01	   1.1065573770491803e-01	   6.1829652996845430e-01	   6.4824120603015079e-01	   4.0694006309148267e-01	   2.5411764705882350e-01	
   2.5090000000000000e+03	   1.2570000000000000e+03	   5.0586999999999998e+03	   1.8897000000000000e+04	   0.0000000000000000e+00	   2.6444833625218916e-01	   3.4049323786793956e-01	   2.0445505171042164e-01	   0.0000000000000000e+00	   5.9824980111376291e-01	   1.5676229508196721e-01	   8.0942622950819679e-02	   5.6765163297045096e-01	   9.4715447154471544e-01	   2.3328149300155521e-01	   2.1776155717761558e-01	
   2.6020000000000000e+03	   2.0590000000000000e+03	   3.7269000000000001e+03	   3.8792000000000000e+04	   0.0000000000000000e+00	   8.4018264840182655e-02	   2.1104536489151873e-01	   2.5449247207382225e-01	   2.9140359397765905e-02	   3.9533754249635744e-01	   1.0136592379583034e-01	   2.8540618260244427e-01	   2.5828571428571429e-01	   7.8885051800690675e-01	   9.8285714285714282e-02	   2.1665174574753804e-01	
   2.6070000000000000e+03	   2.0270000000000000e+03	   7.8138000000000002e+03	   5.1146000000000000e+04	   0.0000000000000000e+00	   1.2711111111111112e-01	   1.2842210054753608e-01	   2.0670942279230389e-01	   7.4000986679822398e-03	   6.3295510606808092e-01	   6.4944649446494460e-02	   3.2915129151291511e-01	   4.1759776536312848e-01	   9.0169660678642716e-01	   5.7262569832402237e-02	   2.0796460176991149e-01	
   2.6090000000000000e+03	   1.6740000000000000e+03	   5.3391999999999998e+03	   1.3125000000000000e+04	   0.0000000000000000e+00	   4.3087557603686638e-01	   6.9793621013133211e-01	   5.5675029868578252e-01	   0.0000000000000000e+00	   9.1875746714456397e-01	   2.9118773946360155e-01	   9.5785440613026813e-03	   9.9190283400809720e-01	   8.5434516523867809e-01	   6.3157894736842102e-01	   3.3780160857908847e-01	
   2.6120000000000000e+03	   1.1210000000000000e+03	   2.7448000000000002e+03	   5.1429000000000000e+04	   0.0000000000000000e+00	   9.2127303182579570e-02	   1.2934879571810884e-01	   1.6859946476360393e-01	   0.0000000000000000e+00	   1.1150758251561106e-01	   8.6711711711711714e-02	   2.2184684684684686e-01	   2.7203065134099619e-01	   8.5429864253393661e-01	   1.3409961685823755e-02	   0.0000000000000000e+00	
   2.6140000000000000e+03	   2.1060000000000000e+03	   4.5001999999999998e+03	   1.9803000000000000e+04	   0.0000000000000000e+00	   1.3862559241706160e-01	   3.8046146293568972e-01	   2.7113010446343777e-01	   3.6562203228869897e-02	   6.5479582146248816e-01	   1.4345114345114346e-01	   2.2176022176022175e-01	   5.4327424400417101e-01	   8.8739817920459996e-01	   2.2732012513034411e-01	   3.0305232558139533e-01	
   2.6150000000000000e+03	   1.8990000000000000e+03	   4.2341999999999998e+03	   3.7440000000000000e+04	   0.0000000000000000e+00	   1.2811387900355872e-01	   2.5891387822270984e-01	   2.8330700368615058e-01	   1.1585044760400211e-02	   5.3554502369668244e-01	   6.7906224737267581e-02	   1.6734033953112368e-01	   4.4106925880923453e-01	   7.8056593699946608e-01	   1.9562575941676794e-01	   1.2910052910052910e-01	
   2.6200000000000000e+03	   2.4830000000000000e+03	   3.9059000000000001e+03	   2.4950000000000000e+04	   0.0000000000000000e+00	   1.1451247165532880e-01	   3.3695198329853865e-01	   2.7788964961739832e-01	   3.4635521546516314e-02	   3.0406766008860248e-01	   1.7852834740651388e-01	   1.4595898673100122e-01	   4.2793196060877348e-01	   9.1029350971475820e-01	   2.3455684870188004e-01	   1.7988252569750368e-01	
   2.7010000000000000e+03	   2.9480000000000000e+03	   7.3403999999999996e+03	   5.2109000000000000e+04	   1.6194331983805668e-02	   8.5829493087557607e-02	   8.8054607508532418e-02	   2.2489823609226595e-01	   1.5264586160108548e-02	   2.5712347354138398e-01	   6.3788027477919534e-02	   3.2188420019627084e-01	   3.5109983079526225e-01	   9.3443754313319527e-01	   4.4839255499153977e-02	   6.7823343848580436e-02	
   2.7030000000000000e+03	   2.4160000000000000e+03	   1.0353600000000000e+04	   3.0889000000000000e+04	   1.0989010989010989e-01	   7.8341013824884786e-02	   2.9221854304635764e-01	   2.4296357615894040e-01	   1.7798013245033113e-02	   3.7748344370860926e-01	   1.5395095367847411e-01	   1.5871934604904633e-01	   5.4397705544933084e-01	   9.4299185597942559e-01	   1.8929254302103252e-01	   1.1342155009451797e-02	
   2.7040000000000000e+03	   1.3980000000000000e+03	   9.1541000000000004e+03	   3.1087000000000000e+04	   2.0000000000000001e-01	   3.1315240083507306e-02	   3.6390827517447655e-01	   1.5164520743919885e-01	   2.8254649499284690e-01	   4.4206008583690987e-01	   1.5625000000000000e-01	   7.3863636363636367e-02	   3.7394957983193278e-01	   8.2112068965517238e-01	   1.6386554621848740e-01	   9.3333333333333338e-02	
   2.7080000000000000e+03	   2.9320000000000000e+03	   5.9756999999999998e+03	   5.7750000000000000e+04	   0.0000000000000000e+00	   8.8819875776397522e-02	   1.1421499292786422e-01	   1.8587994542974079e-01	   2.2169167803547066e-02	   2.0088676671214190e-01	   5.3093462044756470e-02	   3.8964458095655990e-01	   2.3794950267788828e-01	   9.4970719944884607e-01	   4.6671767406273906e-02	   2.3898431665421958e-02	
   2.7150000000000000e+03	   3.4790000000000000e+03	   6.5873999999999996e+03	   2.7173000000000000e+04	   2.3744292237442921e-01	   1.2012779552715655e-01	   2.7846641683482271e-01	   2.8513940787582637e-01	   5.7487783845932743e-03	   4.3000862316757688e-01	   2.1114232209737827e-01	   7.3501872659176029e-02	   4.1875000000000001e-01	   8.6332842415316646e-01	   1.7291666666666666e-01	   1.9687674288901283e-01	
   2.8140000000000000e+03	   2.0470000000000000e+03	   3.9893000000000002e+03	   3.1341000000000000e+04	   2.3863636363636365e-01	   1.2243074173369080e-01	   2.7747923790913531e-01	   2.2129946262823644e-01	   0.0000000000000000e+00	   3.5075720566682950e-01	   1.8654434250764526e-01	   1.2538226299694188e-01	   4.4812362030905079e-01	   8.4953590620420127e-01	   2.2185430463576158e-01	   1.8451845184518451e-01	
   2.8150000000000000e+03	   1.5160000000000000e+03	   6.3626999999999998e+03	   4.7344000000000000e+04	   5.0000000000000000e-01	   8.3429895712630361e-02	   6.0686015831134567e-02	   2.0580474934036938e-01	   0.0000000000000000e+00	   1.1609498680738786e-01	   8.2300884955752218e-02	   2.3893805309734514e-01	   2.1505376344086022e-01	   8.9953426480372589e-01	   1.4132104454685099e-01	   1.0082872928176796e-01	
   2.9010000000000000e+03	   2.0820000000000000e+03	   4.2475000000000000e+03	   3.2760000000000000e+04	   3.7777777777777777e-01	   9.4819159335288367e-02	   1.4203177660086663e-01	   1.8491834774255522e-01	   5.2833813640730063e-03	   7.1565802113352547e-02	   1.2812299807815503e-01	   1.5054452274183217e-01	   3.5646687697160884e-01	   9.4990272373540852e-01	   1.1566771819137750e-01	   1.2430939226519337e-01	
   2.9020000000000000e+03	   3.7050000000000000e+03	   6.6001999999999998e+03	   3.2093000000000000e+04	   9.3264248704663211e-02	   1.5101592531576058e-01	   2.0761339092872569e-01	   1.9217273954116060e-01	   1.3495276653171389e-03	   7.3414304993252355e-02	   1.8956456456456455e-01	   1.4226726726726727e-01	   3.3082271147161069e-01	   9.2841470104223811e-01	   1.4020857473928158e-01	   1.2740141557128412e-01	
   2.9040000000000000e+03	   3.9540000000000000e+03	   6.3720000000000000e+03	   4.2188000000000000e+04	   1.2396694214876033e-01	   1.0228865016347501e-01	   1.1443037974683544e-01	   1.6388467374810320e-01	   6.3227111785533639e-03	   6.1456752655538696e-02	   1.5488099344601586e-01	   2.1110727837185236e-01	   2.8019323671497587e-01	   8.9766606822262118e-01	   9.2995169082125601e-02	   1.7199999999999999e-01	
   3.0010000000000000e+03	   4.3330000000000000e+03	   1.4468600000000000e+04	   2.9741000000000000e+04	   3.6196319018404910e-01	   1.0253807106598985e-01	   3.7156704361873988e-01	   3.2171705515808907e-01	   2.3078698361412415e-03	   5.6058158319870754e-01	   1.4537617554858934e-01	   9.0517241379310345e-02	   4.2551724137931035e-01	   8.4579439252336452e-01	   2.6137931034482759e-01	   2.3036093418259024e-01	
   3.1020000000000000e+03	   3.3350000000000000e+03	   3.3980999999999999e+03	   4.7059000000000000e+04	   0.0000000000000000e+00	   4.8639258830341633e-02	   7.4962518740629688e-02	   1.8260869565217391e-01	   0.0000000000000000e+00	   9.8950524737631187e-03	   1.0373103731037310e-01	   1.0988109881098811e-01	   1.6481994459833796e-01	   9.1674235543445348e-01	   4.4321329639889197e-02	   7.5544174135723438e-02	
   3.1030000000000000e+03	   1.0420000000000000e+03	   1.3174000000000001e+03	   7.4375000000000000e+04	   0.0000000000000000e+00	   6.0077519379844964e-02	   5.1823416506717852e-02	   2.5719769673704412e-01	   0.0000000000000000e+00	   6.6218809980806148e-02	   8.0000000000000002e-02	   3.0344827586206896e-01	   3.4574468085106384e-02	   9.2418426103646834e-01	   6.1170212765957445e-02	   0.0000000000000000e+00	
   3.2040000000000000e+03	   2.1770000000000000e+03	   6.6066000000000004e+03	   5.0686000000000000e+04	   0.0000000000000000e+00	   9.0183559457302470e-02	   1.0592627158189453e-01	   1.6720257234726688e-01	   1.7455213596692696e-02	   6.4308681672025723e-03	   7.4454428754813867e-02	   1.2772785622593069e-01	   2.1047008547008547e-01	   8.9642359498374358e-01	   5.4487179487179488e-02	   0.0000000000000000e+00	
   3.2060000000000000e+03	   2.2940000000000000e+03	   4.0268000000000002e+03	   6.0951000000000000e+04	   0.0000000000000000e+00	   8.0478087649402397e-02	   1.3289473684210526e-01	   1.9529206625980819e-01	   1.3077593722755014e-03	   7.4542284219703575e-02	   7.4223245109321059e-02	   2.5258918296892979e-01	   1.5377081292850148e-01	   9.1104294478527603e-01	   7.4436826640548487e-02	   5.7248384118190214e-02	
   3.2070000000000000e+03	   1.7510000000000000e+03	   3.4476999999999998e+03	   4.7368000000000000e+04	   0.0000000000000000e+00	   6.8627450980392163e-02	   7.6527698458023985e-02	   2.0102798400913763e-01	   0.0000000000000000e+00	   1.4277555682467162e-02	   8.3798882681564241e-02	   1.4525139664804471e-01	   1.1994609164420485e-01	   8.9510489510489510e-01	   3.7735849056603772e-02	   4.2580645161290322e-02	
   4.8100000000000000e+03	   3.4250000000000000e+03	   1.0087400000000000e+04	   3.1902000000000000e+04	   2.7272727272727271e-01	   1.2603305785123967e-01	   2.6155646576945585e-01	   2.8000000000000003e-01	   0.0000000000000000e+00	   2.8058394160583944e-01	   2.3985408116735066e-01	   1.0442316461468308e-01	   5.4329147389292798e-01	   7.4190700412007060e-01	   1.2029081295439524e-01	   1.4760563380281691e-01	
   5.6160000000000000e+03	   2.0800000000000000e+03	   3.4305000000000000e+03	   2.2024000000000000e+04	   1.9393939393939394e-01	   1.1983887210473314e-01	   3.2019230769230766e-01	   3.0576923076923079e-01	   0.0000000000000000e+00	   3.1346153846153846e-01	   2.2861842105263158e-01	   6.2500000000000000e-02	   3.9676616915422885e-01	   9.1902439024390248e-01	   2.0024875621890548e-01	   1.8375634517766498e-01	
   5.6170000000000000e+03	   1.1150000000000000e+03	   2.6845999999999999e+03	   3.9107000000000000e+04	   0.0000000000000000e+00	   9.2274678111587988e-02	   3.6068530207394051e-01	   3.4529147982062780e-01	   0.0000000000000000e+00	   4.8251121076233183e-01	   6.7524115755627015e-02	   1.3344051446945338e-01	   4.3414634146341463e-01	   9.0224215246636774e-01	   3.5365853658536583e-01	   1.8489065606361829e-01	
   5.6190000000000000e+03	   2.7790000000000000e+03	   5.7568000000000002e+03	   2.6098000000000000e+04	   4.4444444444444446e-02	   2.3251748251748253e-01	   3.1558789735733433e-01	   2.7096077725800649e-01	   6.2612450521770419e-02	   8.9636559913638003e-01	   1.4836795252225518e-01	   2.0593471810089020e-01	   4.8617731172545281e-01	   8.3835815474028330e-01	   2.4022878932316491e-01	   1.5810593900481540e-01	
   5.6200000000000000e+03	   3.1960000000000000e+03	   1.4103000000000000e+04	   2.2159000000000000e+04	   0.0000000000000000e+00	   5.4161915621436720e-02	   4.5791999999999999e-01	   5.2878598247809765e-02	   2.3466833541927409e-02	   8.4793491864831039e-02	   8.4123222748815160e-02	   6.9372037914691942e-01	   8.7180941576857629e-01	   6.1135508155583440e-01	   2.9495178672716959e-02	   1.3958028306490972e-01	
   5.6230000000000000e+03	   3.4840000000000000e+03	   2.8956999999999998e+03	   2.3505000000000000e+04	   0.0000000000000000e+00	   1.3059984813971146e-01	   2.6903087740752063e-01	   2.5172215843857637e-01	   5.7118254879448910e-02	   5.7634902411021816e-01	   2.5226337448559671e-01	   1.3786008230452676e-01	   6.1582323592302213e-01	   8.1946072684642435e-01	   1.9173200285103351e-01	   2.0823927765237021e-01	
   5.6240000000000000e+03	   2.9500000000000000e+03	   4.0461999999999998e+03	   3.6969000000000000e+04	   4.9079754601226995e-02	   1.3633217993079585e-01	   1.9952005485087418e-01	   2.2542372881355932e-01	   1.6949152542372881e-03	   5.9661016949152545e-01	   1.7243083003952570e-01	   1.3685770750988141e-01	   3.1295253419147223e-01	   8.8907967032967028e-01	   9.4931617055510856e-02	   2.0269403463758820e-01	
   5.6250000000000000e+03	   3.0670000000000000e+03	   3.9144000000000001e+03	   2.6813000000000000e+04	   1.8678160919540229e-01	   2.8457446808510639e-01	   3.7789370720573850e-01	   2.7388327355722203e-01	   1.6302575806977503e-03	   4.3462667101402019e-01	   2.0452039691289967e-01	   1.4388092613009923e-01	   4.8061316501352569e-01	   7.6154101627366322e-01	   2.7502254283137961e-01	   2.7516339869281048e-01	
   5.6260000000000000e+03	   2.6400000000000000e+03	   3.2531999999999998e+03	   2.9632000000000000e+04	   1.0854503464203233e-01	   1.6715328467153284e-01	   2.0916030534351146e-01	   2.7462121212121210e-01	   0.0000000000000000e+00	   3.4318181818181820e-01	   1.5785997357992074e-01	   1.0568031704095113e-01	   4.6804326450344147e-01	   8.4431818181818186e-01	   1.1406096361848574e-01	   2.9424011103400416e-01	
   5.6270000000000000e+03	   1.2340000000000000e+03	   3.5106999999999998e+03	   2.8750000000000000e+04	   0.0000000000000000e+00	   7.7777777777777779e-02	   3.4887593671940048e-01	   1.2155591572123177e-01	   4.1329011345218804e-02	   2.7876823338735818e-01	   1.5515288788221970e-01	   4.5413363533408835e-01	   8.1140350877192979e-01	   6.6369529983792541e-01	   5.9941520467836254e-02	   4.6604215456674475e-01	
   5.6280000000000000e+03	   1.6440000000000000e+03	   2.3975999999999999e+03	   3.8150000000000000e+04	   0.0000000000000000e+00	   7.4610244988864149e-02	   1.4003701418877237e-01	   1.6484184914841848e-01	   2.5547445255474453e-02	   6.8734793187347931e-02	   7.7394636015325674e-02	   2.3371647509578544e-01	   4.1785252263906858e-01	   8.9705882352941180e-01	   8.9262613195342816e-02	   8.0856123662306781e-02	
   5.6290000000000000e+03	   1.7710000000000000e+03	   6.8689999999999998e+02	   3.0664000000000000e+04	   2.1428571428571427e-01	   8.1808396124865443e-02	   1.8351214003387917e-01	   1.9254658385093168e-01	   0.0000000000000000e+00	   2.1513269339356295e-01	   2.0950155763239875e-01	   1.2305295950155763e-01	   3.5502958579881655e-01	   8.9423076923076927e-01	   5.2071005917159761e-02	   2.1248835041938491e-01	
   5.6300000000000000e+03	   2.6650000000000000e+03	   1.7510999999999999e+03	   4.2159000000000000e+04	   2.8925619834710742e-01	   7.1171818835370243e-02	   1.3283302063789867e-01	   1.9587242026266416e-01	   9.0056285178236398e-03	   4.4502814258911821e-01	   1.1105235325224749e-01	   1.7186673717609730e-01	   2.8333333333333333e-01	   8.1409523809523809e-01	   6.8421052631578952e-02	   1.7689530685920576e-01	
   5.6310000000000000e+03	   3.3870000000000000e+03	   3.2279000000000001e+03	   4.8468000000000000e+04	   0.0000000000000000e+00	   6.4449064449064453e-02	   1.2931798051372898e-01	   1.3847062297018009e-01	   0.0000000000000000e+00	   2.2143489813994686e-02	   1.1524024024024024e-01	   2.6351351351351349e-01	   3.0080296479308216e-01	   8.7665862484921597e-01	   4.5089561457689935e-02	   8.4276018099547517e-02	
   5.6320000000000000e+03	   2.5080000000000000e+03	   7.0148999999999996e+03	   2.8170000000000000e+04	   0.0000000000000000e+00	   1.0921248142644874e-01	   3.0158069883527455e-01	   1.0007974481658692e-01	   5.2232854864433811e-02	   3.1060606060606061e-01	   1.9419862340216323e-01	   3.0285152409046212e-01	   6.9978708303761528e-01	   7.9551820728291311e-01	   5.3938963804116398e-02	   2.7221074380165289e-01	
   9.8000000000000000e+03	   9.0000000000000000e+01	   3.6580000000000001e+02	   1.0500000000000000e+05	                      NaN	   0.0000000000000000e+00	   0.0000000000000000e+00	   4.4444444444444446e-02	   0.0000000000000000e+00	   1.8888888888888888e-01	   0.0000000000000000e+00	   4.0963855421686746e-01	   4.6666666666666667e-01	   8.5555555555555551e-01	   0.0000000000000000e+00	   3.1034482758620691e-01	
   9.8010000000000000e+03	   0.0000000000000000e+00	   0.0000000000000000e+00	                      NaN	                      NaN	                      NaN	                      NaN	                      NaN	                      NaN	                      NaN	                      NaN	                      NaN	                      NaN	                      NaN	                      NaN	                      NaN	
   9.8030000000000000e+03	   1.0000000000000000e+01	   2.0000000000000000e+01	                      NaN	                      NaN	   0.0000000000000000e+00	   0.0000000000000000e+00	   0.0000000000000000e+00	   0.0000000000000000e+00	   0.0000000000000000e+00	   0.0000000000000000e+00	   0.0000000000000000e+00	   0.0000000000000000e+00	   0.0000000000000000e+00	   0.0000000000000000e+00	   0.0000000000000000e+00	
   9.8040000000000000e+03	   2.2000000000000000e+01	   5.1500000000000000e+01	   4.4125000000000000e+04	                      NaN	   0.0000000000000000e+00	   1.3636363636363635e-01	   0.0000000000000000e+00	   1.8181818181818182e-01	   4.5454545454545453e-01	   1.4285714285714285e-01	   0.0000000000000000e+00	   2.3076923076923078e-01	   4.5454545454545453e-01	   0.0000000000000000e+00	   0.0000000000000000e+00	
   9.8050000000000000e+03	   2.3000000000000000e+01	   3.7100000000000001e+01	                      NaN	                      NaN	                      NaN	   0.0000000000000000e+00	   0.0000000000000000e+00	   0.0000000000000000e+00	   0.0000000000000000e+00	   5.6521739130434778e-01	   4.3478260869565216e-01	   0.0000000000000000e+00	   1.0000000000000000e+00	   0.0000000000000000e+00	   0.0000000000000000e+00	
   9.8060000000000000e+03	   0.0000000000000000e+00	   0.0000000000000000e+00	                      NaN	                      NaN	                      NaN	                      NaN	                      NaN	                      NaN	                      NaN	                      NaN	                      NaN	                      NaN	                      NaN	                      NaN	                      NaN	
   9.8070000000000000e+03	   3.8000000000000000e+01	   1.7480000000000001e+02	   1.6075000000000000e+05	   0.0000000000000000e+00	   0.0000000000000000e+00	   0.0000000000000000e+00	   0.0000000000000000e+00	   0.0000000000000000e+00	   0.0000000000000000e+00	   0.0000000000000000e+00	   4.3478260869565216e-01	   1.0000000000000000e+00	   2.3684210526315788e-01	   0.0000000000000000e+00	   0.0000000000000000e+00	
   9.8080000000000000e+03	   0.0000000000000000e+00	   0.0000000000000000e+00	                      NaN	                      NaN	                      NaN	                      NaN	                      NaN	                      NaN	                      NaN	                      NaN	                      NaN	                      NaN	                      NaN	                      NaN	                      NaN	
   9.8090000000000000e+03	   1.6980000000000000e+03	   3.0259000000000001e+03	                      NaN	                      NaN	                      NaN	                      NaN	   0.0000000000000000e+00	   1.0000000000000000e+00	   4.3816254416961131e-01	   3.4896810506566606e-01	   0.0000000000000000e+00	                      NaN	   4.0106007067137811e-01	                      NaN	                      NaN	
   9.8100000000000000e+03	   2.0000000000000000e+01	   3.7600000000000001e+01	                      NaN	                      NaN	   0.0000000000000000e+00	   0.0000000000000000e+00	   0.0000000000000000e+00	   0.0000000000000000e+00	   0.0000000000000000e+00	   0.0000000000000000e+00	   0.0000000000000000e+00	   0.0000000000000000e+00	   1.0000000000000000e+00	   0.0000000000000000e+00	   0.0000000000000000e+00	
   9.8110000000000000e+03	   0.0000000000000000e+00	   0.0000000000000000e+00	                      NaN	                      NaN	                      NaN	                      NaN	                      NaN	                      NaN	                      NaN	                      NaN	                      NaN	                      NaN	                      NaN	                      NaN	                      NaN	
   9.8120000000000000e+03	   0.0000000000000000e+00	   0.0000000000000000e+00	                      NaN	                      NaN	                      NaN	                      NaN	                      NaN	                      NaN	                      NaN	                      NaN	                      NaN	                      NaN	                      NaN	                      NaN	                      NaN	
   9.8180000000000000e+03	   5.1000000000000000e+02	   7.9920000000000005e+02	   3.9583000000000000e+04	   2.9166666666666669e-01	   5.5479452054794520e-01	   8.0912863070539420e-01	   5.4901960784313725e-02	   9.5098039215686270e-01	   4.5490196078431372e-01	   3.2616487455197135e-01	   7.1684587813620068e-02	   5.3846153846153844e-01	   5.5686274509803924e-01	   0.0000000000000000e+00	   0.0000000000000000e+00	
   9.8220000000000000e+03	   4.2730000000000000e+03	   2.1885799999999999e+04	   1.8456000000000000e+04	   0.0000000000000000e+00	   2.1834061135371180e-01	   6.0335195530726260e-01	   9.3611046103440204e-03	   9.5810905686871051e-01	   7.9569389187924180e-02	   1.3636363636363635e-01	   3.1818181818181818e-01	   1.0000000000000000e+00	   2.8691785630704425e-01	   0.0000000000000000e+00	   4.4660194174757284e-01	
